17376
21053
22754
20430
27812
5486
19801
27289
6166
15766
29775
1460
18055
2422
20049
5239
2727
26791
25675
23610
12463
4439
20626
30318
11345
13761
19629
22650
31073
5486
20455
32087
23360
26157
2709
3306
9996
20691
18983
7460
1161
32179
4593
26844
20942
27868
29879
6247
5551
5653
31482
30717
11502
3225
8709
14283
7713
8851
16310
4567
16481
18520
22285
29080
8375
9062
10614
31057
21063
6432
4310
305
5434
18759
28248
27692
109
13368
14836
28311
6619
2280
32452
8838
2507
22175
20486
1510
21689
7799
752
15961
18437
148
14647
16084
1373
288
2142
11003
22763
8462
18879
5175
17983
18058
24410
27805
30715
12610
31073
19326
32321
30295
10367
24526
2013
16418
18668
11317
561
19879
4658
26871
19428
28122
22460
10116
26186
29332
17955
5086
20881
22355
10552
28591
32689
6068
1745
8998
2578
29106
6740
32661
5626
3996
32005
4044
5053
21976
1807
4659
17570
20569
13652
30889
13207
31713
8180
2592
3221
26360
19871
501
32465
26280
28571
18704
5544
23293
21140
9408
13383
16191
4135
30547
8221
493
19757
28280
17922
24698
4295
15190
9764
17095
46
12392
4790
21091
2872
24863
11607
18820
21929
7989
20291
13765
26943
29138
18491
10909
31867
25186
8245
8099
23089
15153
18372
30340
13775
5067
25413
25792
30829
18198
7375
15655
21144
12075
10456
21783
7902
17145
27047
370
24857
29081
23934
26466
28284
22382
17283
7372
2655
10500
9074
21653
970
28582
9221
4759
8131
29629
23582
9058
23640
28907
2746
21427
22635
28651
24982
9140
27712
25127
20127
29177
16071
23318
28698
23094
25514
860
8088
17346
19991
8607
16279
23500
9290
21802
14328
30559
16353
24132
19749
6423
26335
4174
15870
5793
2429
18847
21640
6644
4277
3360
21844
31313
2444
6566
31153
10491
14626
6930
24721
11703
25978
20779
8764
28418
24330
18486
29366
16917
5890
32603
32497
32409
20061
6327
28851
4650
10664
28480
17733
20365
13717
11868
25313
30130
10303
18241
6361
10856
27450
24587
30343
25826
14946
6302
9464
1005
25441
16706
12119
3055
29181
24311
26139
18591
21799
6557
18672
20102
18627
28613
9063
6201
4152
19540
18524
15187
19896
23006
6187
28981
588
12220
15762
28541
679
13555
19812
19527
27815
21700
13555
27174
27050
24850
9019
10208
18838
15992
22734
20461
17063
13863
2691
942
25079
2432
17118
7790
30927
9077
28222
19481
4783
927
32201
20414
16415
16159
19736
13766
16948
13111
13985
28146
25313
17828
744
2326
1539
20161
7781
5783
16170
2396
16948
23974
30760
9303
31615
28217
29788
20991
15788
17870
15548
28972
27461
991
16547
11293
427
27172
14176
10512
21370
9355
3706
10404
32187
5368
28869
11759
973
7868
12838
3167
15888
11735
11301
30545
1878
30190
22327
28531
21770
9482
11465
10714
9758
1558
7692
19682
29878
20247
11139
7881
5782
5929
26958
522
14412
12349
31796
23419
24349
24724
23410
15910
7600
14330
25413
30951
26492
31939
1081
25034
12019
27783
6960
31521
14956
19613
15921
20072
23505
1624
2550
6362
30477
19204
15412
9679
818
31646
9896
29404
29294
20567
18150
31145
11436
31687
3809
15248
2313
17905
10809
27387
29181
23291
19527
20090
8262
18858
21226
14759
6291
28063
18960
14266
22518
16723
7172
17387
23303
21460
31353
11147
27607
24125
19546
30177
25243
13558
11343
28101
17685
4273
17423
10494
28865
27423
4200
10588
15301
27510
23056
29590
14486
7844
28457
14305
2153
30544
27030
26708
26720
20885
3584
22783
25969
30333
4006
17861
25366
23359
17641
23037
24759
6201
6291
5580
10711
21420
17387
11584
23808
7225
7545
15661
30063
28447
2201
29128
17280
26162
20930
31493
32728
18842
916
27312
25940
337
163
22605
32181
8794
28165
26289
3336
5058
15005
1885
18390
1880
20262
6045
16400
16939
13055
13157
13497
28872
12729
23014
12369
816
19808
16371
8709
19611
2445
27671
23960
25328
23336
30834
11791
31231
18685
5720
26399
13956
2310
12199
8535
13532
9842
16876
3341
16260
31865
20277
2058
29015
4575
180
25077
16260
8521
22296
31616
10064
23107
1195
11348
31633
9997
19756
7101
3558
809
1898
30741
12215
11941
7333
14578
18160
18984
8612
22543
29308
10175
26006
11515
31364
23653
4777
22403
2148
24148
15468
25824
25201
15374
30693
7073
10094
14378
22898
6743
17863
21983
29792
13570
10899
8786
14412
15678
25676
18079
18493
8493
13643
11945
10111
3363
20998
20642
22590
31765
18186
24921
18406
25279
17078
327
9532
24983
16061
11863
31804
10612
17753
1657
13233
32510
20048
9957
18583
2260
28584
13359
25392
21632
24105
22287
8680
15900
31127
14830
13802
9920
24748
21296
11646
9651
18647
2116
2089
8269
5559
30061
28803
29869
27734
26189
14294
8992
15910
19254
28539
8780
1980
14129
15349
18976
16206
13002
15818
380
12014
28577
11301
6815
13955
10418
32045
2644
12684
15199
14371
26076
31892
17730
19774
21402
22133
21173
3910
23169
6476
27166
10994
15422
1856
32763
14338
17956
9970
8113
16412
17627
27586
21780
22376
1736
9672
8885
8938
6459
30093
4335
26786
11356
16269
8624
1381
18899
23405
13576
25722
19000
31484
10867
21748
13633
1259
19175
22738
30885
24396
18332
18903
8659
26061
22942
28714
1620
1969
19987
26286
1792
18834
2892
26911
23012
9944
23182
26609
1775
3831
671
32233
863
31341
32527
9080
6126
21367
24652
15322
32187
11926
8291
22515
24058
3781
30871
19172
8283
12663
931
27760
13371
7762
14543
9490
16525
30382
2997
8154
26247
16588
15568
15883
780
10966
9929
10358
6876
411
5250
6804
23933
22279
27614
17254
27368
5219
14679
22541
18420
29778
26685
13353
11651
8327
13263
9202
7791
28487
7419
13335
28722
31906
28917
9049
12887
7025
11386
20967
8356
23054
18401
19064
3076
5846
14310
16682
26167
24672
12086
9246
23608
7546
27834
6608
11122
14567
8867
2359
7585
19675
16954
1952
22409
2610
14437
18507
26202
22388
26360
27074
14302
25482
26305
15613
26984
10300
24146
25143
6525
6258
31116
22414
10303
30247
19952
21853
4765
3116
14245
5209
21564
18338
31561
22894
31780
27957
14456
25431
24619
26136
31005
5632
6946
24773
27003
32667
